0000
0000
0000
0040
0000
0068
0000
0000
0000
0000
0000
0000
0000
0007
0000
0000
0000
0002
0000
0000
0000
0000
0000
013c
0000
0000
0000
0000
0000
0000
0000
0000
0000
0000
0000
0000
0000
0000
0000
0193
0000
0000
3fd0
0e8a
0000
4e58
0000
0004
0000
0000
0000
0000
0000
0000
e801
0000
0000
0000
0022
0000
0000
0000
0000
0000
0000
0000
0000
000c
0000
0052
0000
0000
0000
0011
000c
0000
002c
0000
000f
0030
005b
001d
0083
0089
0000
0000
0000
0119
0019
0000
0001
000c
0034
007d
002a
0000
0003
0000
0000
0000
000b
0000
001c
0005
0000
0011
003b
9351
0037
0000
693f
0000
0000
0000
0000
0000
6ad3
18d9
0000
0000
0000
0000
0000
0000
0000
0003
0000
0000
0000
0000
0000
6ab5
0000
0011
000f
0000
0002
0000
0000
0005
0018
0002
001b
38b9
0009
0000
0027
388a
000b
0000
0054
0021
0000
0037
004b
00f7
00db
0000
f625
0000
007a
0000
0000
0000
0000
0000
00cf
00c6
094f
0000
00c0
0000
589b
0000
0008
0000
0000
0000
0000
0000
0000
0000
0000
0000
0015
000a
0000
5502
0000
0000
0000
0000
0000
0000
0000
0000
0000
0000
0000
0000
0000
0000
0026
0000
0000
0027
0000
0000
0016
0034
0000
0000
077d
30a3
0000
0000
0000
0000
0000
0000
0000
0000
0000
0000
0000
0000
0016
0000
001f
0000
0000
000e
0000
0000
0000
0000
0000
0000
0010
0022
0024
0048
0029
0000
0000
0000
0000
000b
0000
0000
0000
007b
0000
0000
0000
0000
0008
0000
0010
0014
0012
0002
0000
0000
f0c5
0000
0000
0000
0000
0000
013e
0000
0003
03d3
0088
0000
0000
0000
0000
0a8e
0000
0000
0000
0024
0000
0000
0026
0000
0000
0005
000c
0008
0000
0000
0000
000e
0000
0006
0000
0016
0000
0122
0000
0000
0000
0000
0000
0000
0000
0000
0336
0001
0016
0000
0000
0000
00c6
0000
0091
00ac
0018
0000
0000
00fc
0000
0011
0062
0000
0000
0000
0000
0000
0000
1465
0000
0000
0313
0000
0000
002e
012e
00a7
954e
0000
0000
0000
0000
0000
0000
0000
1bfa
02ed
1a7c
0010
0000
0000
0000
0018
0003
0000
0000
0000
0000
1f2c
0000
0000
0000
0000
0000
0000
0000
8169
0063
6ea7
003a
0843
0014
0000
0000
01da
0000
0000
128f
0000
026a
0000
0000
0000
0093
008f
0049
0000
000a
0d99
0003
0000
0000
0000
0016
0000
0000
0000
0000
0000
0000
0000
0000
0094
0000
0000
0000
0a19
0000
001c
0007
0000
0000
0215
0011
0000
0000
0000
00a8
0000
0000
07a0
0036
0000
0000
0089
0000
0000
0000
0000
0000
0000
0000
0000
0000
0000
0007
0000
0000
0000
0000
0000
017b
0000
0000
0000
0000
0000
da59
0053
0000
0000
0000
0000
97ff
0000
0000
0000
0000
0000
0011
0000
102a
0011
057c
0000
0000
0007
0699
0000
001a
000a
0000
0000
0000
0095
002b
0000
00e6
000b
092a
0000
0000
0000
0013
0000
0000
0060
0000
0000
0001
0024
0000
0000
0000
0000
0000
0000
0000
0000
0000
014f
0000
ffff
0053
0000
0046
4ee4
0000
061c
0013
0000
0000
0000
0000
0000
0000
0000
0000
0000
0483
0000
0000
0000
32c0
0000
0000
0000
4815
0010
0000
4d8c
ffff
3c3b
0000
0055
0f03
0000
0000
05d3
0325
0000
001d
0000
0000
0000
0312
0000
0000
0000
0000
0000
2622
0000
0000
0418
0000
0000
0000
ef7f
0ba9
00e9
1e77
0000
0000
6959
0000
0000
0000
0000
103b
0000
0000
0000
0000
0000
0000
0000
0000
0000
0000
0000
0000
0000
0000
0000
0000
0000
0000
0000
0000
0000
0000
0000
0000
0000
046d
0001
0000
02c1
0000
0000
0000
00e3
0000
0004
0000
001a
002a
0034
0085
c199
0008
0000
0000
0000
0000
0000
0000
0007
7b11
002b
003a
0000
0635
37d9
0095
0000
ffff
388b
003e
028a
0000
0070
004f
0000
38b4
000c
0083
0038
0090
0000
0000
0000
002f
002b
007e
0006
0000
005b
002e
0000
0099
00c3
0000
0000
0000
0000
0013
0000
4d5c
0000
ecf6
0000
0000
0000
0000
0000
0000
0087
0c25
0000
0000
0000
0000
0000
0000
0093
0000
0000
0000
0000
0000
0000
0000
0157
0000
0000
0000
0000
02bf
0000
0000
0000
0000
000d
0000
0000
0000
0000
0000
0000
0000
0000
0000
0000
0000
0000
0000
0000
0000
0000
59aa
0000
0000
0000
0000
0000
0000
2340
0000
0000
0000
0000
0000
01ca
0000
0000
0000
0000
0000
019f
0000
0000
0000
0000
0000
0000
0000
0000
0000
0000
0000
0000
0000
0000
0000
0000
020b
0000
0000
0000
0000
0000
00ab
0000
0000
0000
0000
0000
000b
0000
0000
0000
0013
0000
0000
0000
0000
0000
0000
0000
0000
0000
0000
0000
0000
0000
0000
000d
0076
0000
0000
0000
0000
0000
0000
0000
0000
0000
0000
0000
0000
0132
0000
0330
0000
0000
0000
0000
0000
0000
0000
0000
0000
0000
01c8
0000
0000
0000
0000
0000
02bd
0000
0000
0000
0000
0000
0000
0199
0000
0000
0000
0000
0000
0000
0000
0140
0025
0000
0000
0000
0000
0000
0000
0000
008e
0000
0000
0000
0000
0000
0000
0000
0000
0000
0000
0003
0000
0000
0000
0000
0000
0000
0000
0000
0000
0000
0000
0000
0000
0458
0000
0000
0093
0000
0000
0000
0000
