0000
0000
0000
0000
0000
0000
0000
0000
0000
0000
0000
0000
0000
0000
0000
0000
0000
0000
0000
0000
0000
0000
0000
0000
0000
0000
0000
0000
0000
0000
0000
0000
0000
0000
0000
0000
0000
0000
0000
00dd
0000
0000
0000
0000
0000
0003
0000
0000
0000
0000
0000
0000
0000
0000
0000
0000
0000
0000
0000
0000
0000
0000
0000
0000
0000
0000
0000
0000
0000
0000
0000
0000
0024
0000
0000
0000
0001
0000
0006
0000
0001
0000
0007
000a
0000
0000
0000
0010
0000
0000
0000
0000
0000
0007
0000
0000
0000
0000
0000
0000
0000
047e
0000
0000
0000
0002
0000
0000
0002
0000
0000
0000
0000
0000
0000
0000
0000
0000
0000
0000
0000
0000
0000
0000
0000
0000
0000
0000
0000
0000
0000
0004
0000
0001
0000
0000
0004
0000
0000
0000
0000
0000
0000
0000
0000
0000
0000
0000
0000
0000
0006
0001
0000
0003
0002
000c
0000
0000
0000
0000
0011
0000
0000
0000
0000
0000
000c
000b
0000
0000
0009
0000
0000
0000
0000
0000
0000
0000
0000
0000
0000
0000
0000
0000
0000
0000
0000
0000
0000
0005
0000
0000
0000
0000
0000
0000
0000
0000
0000
0000
0000
0000
0002
0001
0000
0000
0000
0000
0000
0000
0000
0000
0000
0000
0000
0000
0000
0000
0000
0000
0000
0000
0000
0000
0000
0000
0000
0000
0000
0000
0000
0000
0000
0000
0000
0000
0000
0000
0000
0001
0000
0006
0000
0000
0000
0000
0000
0000
0000
0000
0000
0004
0000
0000
0000
0000
0000
0000
0000
0000
0000
0000
0000
0000
0000
0000
0000
0000
0000
0000
000b
0000
0000
0009
0007
0000
0000
0000
0000
0000
0000
0000
0000
0000
0000
0000
0000
0000
0000
0000
0000
0000
0000
0000
0000
0000
0000
0000
0000
0004
0000
000e
0004
0000
0000
0000
0000
0000
0000
0000
0000
0000
0002
0000
0000
0000
000c
0003
0000
0007
0003
0000
0000
000d
0000
0000
0005
0000
0000
0000
0000
0000
0000
0006
0000
0000
0000
0000
0000
0000
0011
0010
0000
0000
0000
0000
0000
0000
0002
0000
0000
0000
0000
0000
0001
0000
0000
0000
0000
0000
0000
0000
0000
0000
0000
0000
0000
0000
0000
0000
0000
0000
0002
0000
0000
0000
0000
0000
0000
0000
0000
0000
0000
0000
011e
0000
0000
0000
0006
0000
0000
0000
0000
1794
0000
0000
0000
0000
0000
0000
0000
0000
0000
0000
0000
0000
0000
0006
0000
0000
0000
0000
0000
0000
0000
0000
0000
0006
0000
0000
0000
0000
000a
0000
0000
0000
0000
0000
0000
0007
0000
0000
0000
0000
0000
0000
0000
0000
0000
0000
0000
0000
0000
0000
0000
0000
0130
0000
0000
0000
0000
0000
0000
0007
0000
0000
0000
0000
0000
0000
0000
0000
0000
0000
0000
0000
0000
0004
0000
0000
0000
0000
0000
0000
0000
0006
0000
0000
0000
0000
0000
0000
0009
0000
0475
0000
0000
0000
0003
0000
0000
0004
0000
0000
0000
0000
0000
0000
0000
0000
0000
0000
0000
0000
0000
0000
0000
0000
0005
0000
0006
0000
0000
0000
0000
0000
0000
0000
0000
0000
0000
0000
000d
0000
0000
0000
0000
0000
0000
0000
0000
0000
0000
0004
0000
0000
0000
0000
0000
0000
0000
0000
0000
0000
0000
0000
0000
0000
0000
0000
0000
0000
0000
0000
0000
0000
0000
0000
0000
0000
0000
0000
0000
0000
0000
0000
0000
0000
0000
0000
0000
0000
0000
0000
08f8
0000
0000
0000
0000
0000
0000
0000
0000
0000
0000
0000
0000
0000
0000
0000
0000
0000
0000
0000
0000
0000
0000
0000
0000
0000
0000
0000
0000
0000
0000
0000
0000
0000
0000
0000
0000
0000
0000
0000
0000
0000
0000
0000
0000
0000
0000
0000
0000
0000
0000
0000
0000
0000
0000
0000
0000
0000
0000
0000
0000
0000
0000
0000
0000
0000
0000
0000
0000
0000
0000
0000
0000
0000
0000
0000
0000
0000
0000
0000
0000
0000
0000
0000
0000
0000
0000
0000
0000
0000
0000
0000
0000
0000
0000
0000
0000
0000
0000
0000
0000
0000
0000
0000
0000
0000
0000
0000
0000
0000
0000
0000
0000
0000
0000
0000
0000
0000
0000
0000
0000
0000
0000
0000
0000
0000
0000
0000
0000
0000
0000
0000
0000
0000
0000
0000
0000
0000
0000
0000
0000
0000
0000
0000
0000
0000
0000
0000
0000
0000
0000
0000
0000
0000
0000
0000
0000
0000
0000
0000
0000
0000
0000
0000
0000
0000
0000
0000
0000
0000
0000
0000
0000
0000
0000
0000
0000
0000
0000
0000
0000
0000
0000
0000
0000
0000
0000
0000
0000
0000
0000
0000
0000
0000
0000
0000
0000
0000
0000
0000
0000
0000
0000
0000
0000
0000
0000
0000
0000
02d6
0000
0000
0000
0000
0000
0000
0000
0000
0000
0000
0000
0000
0000
0000
0000
0000
0000
0000
0000
0000
0000
0000
0000
0000
0000
0000
0000
0000
0000
0000
0000
0000
05af
0000
0000
0000
0000
0000
0000
0000
0000
0000
0000
0000
0000
0000
0000
0000
0000
0000
0000
0000
0000
0000
0000
0000
0000
0000
0000
0000
0000
0000
0000
0000
0000
0000
0000
0000
0000
0000
0000
0000
0000
0000
0000
0000
0000
0000
0000
0000
0000
0000
0000
0000
0000
0000
0000
0000
0000
