0000
0000
0000
0000
0000
0000
0000
0000
0000
0000
0000
0000
0000
0000
0000
0000
0000
0000
00bf
0000
0000
0000
0000
0000
0000
0000
0000
0000
0000
0000
0000
0000
0000
0000
0000
0000
0000
0000
0000
0000
0000
0000
0000
0000
0000
ffff
0000
0000
0000
0000
51b4
0000
0000
0000
0685
006d
0000
0000
0000
0000
0000
0000
0000
0000
0000
0182
0000
0000
0000
0000
0016
0000
0000
0000
0000
0000
0000
008e
0000
00ac
0000
0000
0000
0000
017e
0000
0000
0000
0000
0000
0000
0000
0000
0000
000b
0000
02c9
0000
0000
0002
0000
0000
0000
0000
0000
04ea
0000
0000
0000
0000
0000
0000
015c
0000
0000
0000
00a7
0000
0000
0000
0000
0000
0000
0000
0000
0000
0000
080d
0000
0000
00c3
0000
0000
0000
0000
0000
0000
0140
0000
0000
0000
0000
0000
0000
0000
0000
003f
017c
0000
0000
0000
0000
0000
0000
0000
0000
0000
0000
0325
0000
0000
0000
0000
0000
0000
0000
0000
0399
0000
0000
0000
0000
0000
0000
0000
0000
0000
0000
0000
0087
0000
0000
0000
0000
0000
0000
0000
0000
007d
0000
0000
0000
0000
09e4
0000
0000
0000
004e
0000
0000
006c
0000
0000
0000
019f
0000
0000
00bb
0000
0000
0000
0000
0000
0000
0000
0000
0000
0000
0000
0000
00e7
0000
0000
0000
0000
0000
0000
0000
0000
0000
0000
0000
0000
0000
005a
0000
0087
0000
0000
0000
0000
0000
0000
0000
0049
0000
0000
0000
0000
0000
0000
0000
0000
0000
0000
2879
0000
0000
0000
0000
0135
009b
0018
170d
aa5b
00ca
0021
0130
017a
0000
0000
0000
02a9
0000
0000
0000
0000
0000
0000
0000
0000
0000
0000
55ac
0000
0000
0000
0000
ffff
0000
0000
0000
0000
0015
0000
0000
0000
0000
0000
0000
0000
0000
0000
04b4
0000
0000
bce0
0000
115c
426c
0000
0000
0000
0000
0174
121d
01ba
0000
0000
0000
0000
0000
0000
0000
0000
0000
0000
0000
ffff
0000
0000
0000
0000
0000
0000
09ec
0000
0000
0000
0fd1
0000
0000
0000
0000
2345
0000
ffff
0000
0000
0000
0000
0000
0dd2
09e6
0000
0000
0000
0000
0000
0000
0000
0000
0000
0000
357a
ffff
0000
0000
0000
354b
0000
0000
0000
0000
69a4
0000
d30e
05ee
a0aa
52b9
05b9
4680
ffff
0583
0fcc
25d8
05a8
009f
62ae
3294
2780
3b0f
0153
0d10
ffff
0ac6
5e26
2a48
f4da
79bb
ffff
ffff
75e5
ffff
7b48
ffff
ffff
ffff
c5d6
0128
6e50
ffff
ffff
17fd
ffff
ffff
ffff
4737
ffff
ffff
93ce
7065
fb97
ffff
78ae
ffff
d84b
ffff
0952
0a0a
0000
0000
2be4
0000
1613
04c8
05de
0000
0000
0000
01a0
0000
ffff
0000
282b
3718
0657
05fa
0000
5758
0000
9e59
0147
0207
0000
3691
17be
ffff
0000
17c9
15f4
00d9
0000
0090
0000
0000
0119
0000
ffff
0000
0000
0000
0000
0000
0000
93df
0000
0000
18eb
0000
163e
ffff
0000
ffff
0000
003c
0f95
0000
0000
0000
0044
ffff
0000
0000
0000
0000
0000
0000
0000
0325
0000
0000
0000
0000
0000
0000
0000
0000
0176
0000
0000
a010
088e
1803
0000
0000
4f0e
0000
0000
0000
0000
0000
0000
0247
0000
0000
0000
0000
041f
0000
0000
0000
0000
0190
0000
0000
0000
0000
0000
0000
0000
0000
0000
0000
0000
0000
0000
0000
0000
0000
0000
0000
0000
0000
220d
20f2
0000
0000
0000
0000
0000
0000
0000
0000
0a73
0000
0000
0000
0000
0000
0000
0000
0e3d
0000
0000
0000
0000
0000
0000
0000
0000
0000
0000
0000
0000
01ed
0000
0000
0000
0000
0000
0000
0000
0000
0000
0000
0000
0000
0000
0000
0000
0000
0000
0000
0000
0000
0000
0000
0000
0000
0000
0000
0000
0000
0000
0000
0000
0145
217c
0000
0000
0000
0000
0000
0000
0000
0000
0000
0000
0000
0000
04b0
0000
0000
0000
0015
1648
0000
0000
0000
0000
0359
4bdc
0000
0000
0000
0000
043f
0000
04b1
0000
0000
0000
0000
037f
0000
0000
0000
0000
0000
0000
0000
0000
0000
0000
0000
0000
0000
0000
0000
0000
0329
0000
0000
0000
0000
0000
0000
0000
0000
0000
0000
0000
0000
02fc
131c
0000
0000
028a
0000
082b
0000
0000
0000
0000
0000
0000
0000
0000
0000
0000
0000
0000
0000
0000
0000
0000
0000
0000
0000
0000
0000
0000
0000
0000
0000
0000
0000
0000
0000
0000
0000
0000
0000
0000
0000
0000
301c
0000
0000
0000
0000
0000
0000
bf95
0000
0000
0000
0000
0000
0000
0000
0000
0000
02fe
0000
59aa
db3d
ffff
0000
354d
0000
0166
0000
0000
0000
0000
0000
0000
0000
c528
0000
dacb
16a8
0000
3e02
0899
2104
0000
395e
0000
0000
0000
0000
0000
0000
0000
0000
0000
0000
0000
0008
01ec
0000
045e
0000
0000
0000
0000
0000
6db0
0000
00a4
bd1f
0000
42b6
0000
0000
0000
17b6
0000
4969
0000
0000
0000
010d
0000
0000
0000
0000
0000
0000
0000
0000
0000
1677
0000
0000
0000
00f1
0069
0000
004d
0024
0092
010a
00fe
00db
0000
0000
0151
310f
0000
0000
12ae
0011
0000
061a
00ff
009d
007d
004e
0000
0011
00ac
0000
0050
0000
00a9
0d47
0014
0056
0821
0c2a
0000
1429
063e
0000
0000
0000
0000
0000
0000
0000
0000
0000
0000
0000
985d
441e
0000
8309
