0000
0008
0000
00c6
0000
0000
0000
0000
0000
0000
ffff
0000
0000
0000
0000
0000
0000
9b09
4d32
0000
0003
0842
ee86
00b8
0000
0001
1458
0000
0000
0000
0000
fd6e
0000
0000
c578
0001
0000
ffff
0000
0000
0000
ffff
ffff
0b6c
0000
ffff
0000
0a0b
0000
697a
ffff
0000
0000
0016
0000
00da
0000
ffff
ffff
0000
0000
6b3a
0000
0328
0000
0000
0043
0000
0000
0000
0000
0000
0075
0000
0000
00a9
0000
0000
0000
02e7
0000
ffff
ffff
ffff
043b
0000
0000
ffff
0000
0000
0000
0000
ffff
d921
ffff
0001
0728
0000
0000
0000
0000
5305
0a40
ffff
0f07
0dea
0000
0941
0000
0000
0000
5556
0000
0000
0000
0000
a95f
0000
0000
0000
0000
07b2
0000
0000
0000
0000
0000
0c95
0000
0000
0166
0af7
0b62
412e
0000
0000
0000
0000
01af
0000
0000
63c1
0000
ffff
003c
0000
0986
4aeb
0000
0000
0000
ffff
0000
8945
0000
090b
ffff
0000
0000
ffff
0000
ffff
ffff
742a
0000
0000
0000
0318
0000
0000
0000
0000
ffff
0000
0000
0000
0000
ffff
0000
55e7
ffff
0000
0000
7a33
ffff
ffff
ffff
0000
0325
0000
ffff
0000
ffff
0000
ffff
ffff
ffff
028f
3359
ffff
0f1d
41ab
0000
0086
f76c
0000
ffff
098d
0000
0000
ffff
0000
04b3
0d1c
0000
0000
ffff
0000
0000
0000
2c1f
ffff
d906
0000
ee9b
0000
0000
0000
0000
0743
ffff
0192
0000
0000
ffff
ffff
0016
0000
3c94
0000
e0e1
0000
0000
0000
015d
0000
0000
0000
0000
ca1d
0000
ffff
0000
ffff
ffff
ffff
74e1
0000
0000
ffff
0000
3a91
2c8f
ffff
b6dc
0819
0a21
52a4
3564
0000
0000
0000
0000
061e
0000
0000
ffff
ffff
24ec
0094
0009
3871
831c
0000
0000
0000
0000
0000
0000
0000
0000
0000
0000
0000
0000
0000
0000
0000
0000
0000
0000
0000
0000
0000
0000
0000
0000
0000
0000
03f4
0000
0000
0000
0000
0000
154a
09f4
0000
0000
0000
0000
0000
0000
0000
0000
0000
0000
0000
b17a
0000
0000
ffff
0000
0000
3bd9
0000
0000
0000
0000
f216
0000
0000
0000
0000
0000
0000
0000
0000
0000
0000
0000
0000
0000
0d62
0000
0000
0000
1e2f
0000
0000
0000
0000
0000
0000
00cf
7d63
0000
0000
0000
0000
0000
0000
0000
0000
0000
0000
0000
ffff
ffff
ffff
ffff
2c52
0000
0924
724d
ffff
0868
ffff
5cac
3956
ffff
08e9
01fe
ffff
ffff
0054
0000
0000
e15f
64dd
0000
0000
0000
0000
0662
0000
0000
4dfd
0000
0000
0000
0000
0000
238a
0000
0000
0000
0000
0000
0000
0000
0e75
459b
0000
0000
0000
0000
0000
1e0f
0eea
0011
0000
0120
0000
1539
0000
ffff
fff2
9451
ffff
ffff
b6c5
0000
ffff
ffff
ffff
3edc
f06a
0000
ffff
0000
ffff
ffff
ffff
0000
ffff
ffff
ffff
ffff
0000
281d
ffff
ffff
0004
ffff
ffff
ffff
ffff
0000
ffff
0000
0000
0000
0000
0000
0000
fffb
0000
ffff
0000
2694
0000
0000
1bba
0000
114b
03cb
0000
0000
0000
1a3d
ffff
0000
0000
2843
0000
06f4
0000
0000
074a
0000
0000
0000
0000
9f73
017e
0000
ffff
0000
ffff
0000
9521
3eb0
5341
0000
0000
2ef3
0000
0000
191a
8d2a
0000
0000
5fce
0000
0000
0000
0000
0000
0000
1a80
0000
0000
0000
0000
0000
0000
0000
0000
0000
0000
0000
0000
0178
0000
0000
0000
0000
0000
0000
0000
0592
0000
0000
1d06
1b37
0000
0000
0000
0000
0000
0000
0000
0000
2ace
0391
0166
0617
0000
0000
0000
0000
0000
0000
0000
0000
0000
0000
0000
ffff
0000
0000
0000
0000
0000
0000
0000
0000
0000
0000
0000
0000
0000
0000
0000
321a
0000
132a
0000
0000
ffff
0000
0000
0000
0000
0000
0000
0000
ffff
0000
0000
0000
00f8
1b74
0000
0000
0000
01bb
4878
0000
0000
0741
0000
0000
0000
0000
0000
0000
0000
0000
0000
4379
0000
0000
0000
0000
28e9
0000
0000
0000
0000
0cb8
05b7
0000
0000
0000
0000
15c7
0000
0ee2
0000
0000
0000
0000
0000
0000
0000
0000
0000
0000
0000
0000
0000
0000
0000
ffff
0000
0000
0000
0000
0000
15c9
0000
0000
0000
0000
0000
0000
0000
0000
0000
0000
0000
0000
076b
0000
0000
0000
0731
0000
0a7a
0000
0000
0000
0000
0000
0000
0000
0000
0000
0000
0126
0000
0000
0000
0000
0000
0000
0000
0000
0000
0000
0000
0000
0000
0000
0000
0000
0000
0000
ffff
f0b4
0000
0000
0000
0000
0000
ffff
0000
0000
0000
78a0
0000
ffff
ffff
0000
0000
0000
0000
0000
ffff
ffff
0000
0000
06a7
ffff
e0a4
0000
6f1f
0000
32d8
0000
ffff
0000
0000
0bd5
0000
0000
0000
0000
49f3
d95f
f4b5
15e6
7704
fe8b
1af5
3fe0
0000
3173
7415
ffff
0000
0000
ffff
0000
0000
0000
0000
0000
ffff
0dee
0393
0000
0858
0000
0000
0000
230f
0000
d8c2
b51f
5142
ffff
0000
0000
0000
0000
0000
135d
ffff
ffff
0000
0000
0000
4cb3
ffff
0000
0000
0000
0000
0000
0000
0000
0000
fffc
ffff
ffff
ffff
47cd
ffff
0000
09f7
0173
0000
f542
fcb1
ffff
ffff
0a3b
b6b6
ffff
8b2b
0000
1d6c
003a
8025
0019
0a74
0695
32cd
0c09
24a3
00c8
0795
0016
03a1
facb
072b
1f0b
0181
ffff
3d02
257c
c047
ca78
ffff
0000
0000
0000
0000
0000
0000
0000
0000
0000
0000
0000
53a1
0000
4d1e
0000
