f7d0
0000
0000
0000
0000
0000
0000
f54e
0000
295e
0000
0000
0000
0000
0000
0000
1a9d
0000
0000
0000
1373
0000
0000
020c
ffff
0000
0000
0000
00ae
0000
0000
0000
0000
0000
0000
0000
0000
0000
0000
0066
0000
0000
0000
0000
0007
0110
0000
62d9
0000
0000
0000
0000
0000
0000
000f
0000
000f
0000
0045
0000
0000
0000
0000
0000
0000
0000
0000
0000
0023
0081
0000
0007
0000
0000
0030
0000
0084
0000
0015
0423
0094
0026
00d8
00c4
0000
0000
0000
01b0
0029
0000
0000
0002
0080
0000
0000
0000
0000
ffff
0000
0000
002a
0000
0033
0008
0000
001a
0010
0000
004a
0000
0000
0000
0000
0000
0000
0000
0000
0000
0000
0000
0000
0000
0000
0000
0000
0000
0000
0000
0000
0000
0000
002c
0000
0019
0000
0000
0000
0000
0000
0019
001d
0000
0031
002e
001f
0000
0040
0000
0018
0000
0075
0039
0014
0057
0073
0165
0023
0000
0000
0000
005e
0000
0000
0000
0000
937e
405e
0133
0000
0000
27d3
ffff
ffff
0000
0000
0000
0000
0000
0000
0000
01c0
0000
0000
0008
0003
0000
0000
0000
0059
0013
001c
0000
0000
0000
0000
0000
0000
0000
0000
0000
0000
0000
0000
0000
0000
002e
0000
0000
0000
0000
0000
0000
01b5
0000
0000
0000
0000
0000
0000
0000
0000
0000
0000
003e
0002
000a
0000
0000
001b
0000
0000
0041
0000
0000
0000
0000
0000
0000
001c
002f
0016
0074
003b
0000
0000
0017
0000
0034
0000
001e
0000
0094
000f
9e56
0000
0000
0000
0000
0000
0017
001b
0000
0000
0014
0000
0000
0000
0000
0000
0000
0153
0000
0000
0176
00d0
0000
0000
0000
0000
ffff
185e
f920
0000
0000
0000
0000
008d
0000
0000
0000
0007
0000
0000
0000
0000
3223
0000
0007
0000
0017
0000
02d1
acdc
0000
0000
0000
0000
0000
0000
0000
199a
0000
0000
0000
0000
0000
01af
0006
00e1
0106
222b
0124
0017
0298
03b5
0011
00ae
0000
0000
0000
0000
0000
0000
098a
0000
f3de
0c5c
0000
1b82
0041
01ce
00fb
0000
0000
a0e2
0000
0000
001a
191c
0000
0000
076c
36da
0000
0056
0000
0000
0023
7e8c
0000
0000
0000
0044
0000
0845
0000
0000
0000
0000
2ee8
0000
0000
0000
0000
31bd
0000
0c0d
09fd
0000
0000
0000
0000
0000
0000
0000
0038
0000
0000
00eb
0000
0073
0000
0000
0000
0000
fcdf
0020
0000
0000
0000
0000
0023
0000
0000
0000
0000
0009
011a
0000
0000
0000
0000
0000
002d
0000
0000
0000
014b
0024
0000
0000
0000
0154
0000
253e
0000
0055
0000
0000
00c3
0000
0005
0000
0246
0000
0000
0000
0000
0000
0000
399b
0000
0000
0ca7
0000
f915
0058
0000
0000
0000
0052
0000
0000
0080
0000
0000
0000
0000
ffff
0000
ffff
20c4
0000
0000
0023
0000
0a10
0000
0276
0000
0000
0016
0000
031f
002a
0006
0000
1374
50d1
00de
001b
0000
00cd
0000
0000
0000
0000
0000
0014
0012
1172
0000
0000
0000
0000
0000
fad3
cc63
0000
0000
0000
0000
004e
0000
0000
00c6
0000
ffff
0044
0000
0000
55c5
0000
0000
0000
2c23
4408
0284
0000
0101
0000
0000
0000
0016
0804
0000
0000
0000
b891
0000
db7e
0000
0000
0012
2d28
0000
704e
8ef5
0000
0202
1265
0000
ffff
0872
0372
0a7f
0411
02e0
0000
019e
0000
0000
0000
0000
0000
0000
4f68
0000
0000
0000
2e16
0000
698c
56ef
0004
2ab3
00c0
7fc6
0000
ffff
0000
0000
0000
0000
0059
0000
0000
0000
0000
0000
0000
0000
0000
0000
0000
0000
0000
0000
0000
0000
0000
0000
0000
0000
0000
0000
0000
0000
0000
0000
0000
0000
0006
1dda
4663
0d03
0000
0000
0000
0000
0000
0026
00e8
003d
016d
0000
5e5a
0665
0000
0000
0291
0000
0000
0000
0000
00a3
004f
0000
1358
2812
0000
0000
0000
0000
006c
0186
025e
02f4
0000
001e
0000
0024
015a
01d9
0000
0413
01d5
0000
18c1
005c
00fd
0000
0d98
00bd
0000
0000
051a
01a9
000f
0009
0000
0008
0027
0015
8f48
0000
002d
0000
2e97
0000
0000
01c8
0000
0173
0000
0000
0000
0000
0000
0000
0000
0147
0000
0000
0000
0000
006e
0000
0000
0646
0000
0000
0000
0000
0000
0000
0000
0000
0000
0000
0000
0000
0000
0000
00db
0000
0000
0000
ffff
0000
0000
0000
0000
0000
0000
0000
0000
0000
0000
0000
0000
0000
0000
ffff
0000
0000
0003
f775
0000
0210
0000
0000
0000
000c
0000
0000
0000
0000
0000
0000
0270
0000
0000
0000
0000
0000
0000
0000
0000
0000
0000
0000
0000
004d
0000
0000
0000
003c
0000
0000
0000
0000
0000
0024
0027
0000
0000
0000
0017
0000
0000
0010
0000
0000
0000
0000
0000
0059
0000
0000
0000
0000
0000
002d
011c
0000
0000
03eb
0347
0000
0000
0000
0000
0000
0000
0000
005a
0060
0000
1381
0000
0000
0000
0000
0000
0000
0000
0000
0012
0000
009a
0000
0000
3fe1
0000
0000
0000
0000
0000
00a4
0000
0000
0000
0263
0000
0000
0000
0000
0000
0000
0000
0000
0034
039c
0000
0000
0000
0000
0000
0000
0228
0000
0000
0002
0000
0000
0000
0000
0000
0000
0000
0000
0000
0000
0000
0000
0000
0000
0000
0000
02a1
0000
0000
0000
0000
0436
0000
0000
0128
0000
0000
0000
0000
