0000
0000
0000
0000
0000
0000
0000
0000
0000
0000
0000
0000
0000
0000
0000
0000
0000
0000
0000
0000
0000
0000
0000
0000
0000
0000
0000
0000
0000
0000
0000
0000
0000
0000
0000
0000
0000
0000
0000
0000
0000
0000
0000
0000
0000
0000
0000
0000
0000
0000
0000
0000
0000
0000
0000
0000
0000
0000
0000
0000
0000
0000
0000
0000
0000
0000
0000
0000
0000
0000
0000
0000
0000
0000
0000
0000
0000
0000
0000
0000
0000
0000
0000
0000
0000
0000
0000
0000
0000
0000
0000
0000
0000
0000
0000
0000
0000
0000
0000
0000
27e8
0000
0000
0000
0000
0000
0000
0000
0935
0000
0000
0000
0000
0000
0000
0000
0000
0000
5560
0000
0000
0000
8182
0000
0000
0000
0000
0000
0000
0000
0000
0000
0000
0000
0000
0000
0000
0000
0000
0000
0000
0000
0000
0000
0000
0000
0000
0000
0000
0000
0000
0000
0000
0000
0000
0000
0000
0000
0000
0000
0000
0000
0000
0000
0000
0000
0000
0000
0000
01f1
01af
0000
0000
0000
0000
0000
0000
0000
1a7c
0000
0000
0000
0000
0000
0000
0000
0000
0000
0000
0000
0000
0000
0000
0000
0000
0000
0000
0000
0000
0000
0000
0000
0000
0000
0000
0000
0000
0000
0000
0000
0000
0000
0000
000a
0000
0000
0000
0000
0000
0000
0000
0000
0000
0000
0000
0000
0000
0000
0000
0000
0000
0000
0000
0000
0000
0000
0000
0000
0000
0000
0000
0000
0000
0000
0000
0000
0000
0000
0000
0000
0000
0000
0000
0000
0000
0000
0000
0000
0000
0000
0000
0000
0000
0000
0000
0000
0000
0000
0000
2476
0000
0000
0000
0000
0000
0000
0000
0000
0000
0000
0000
0000
0000
0000
0000
0000
0000
0000
0000
0000
0000
0000
139b
0000
0000
0000
0000
0000
0000
0000
0000
0000
0000
0000
0000
0000
0000
0000
0000
0000
0000
0000
0000
0000
0000
0000
0000
0000
0000
0000
16be
0f34
0000
0000
0000
0000
0000
0000
0000
0000
0c2b
7850
1e7d
012d
0000
0000
0000
0000
0000
0599
0000
0000
0000
0000
0000
0000
0000
0000
0000
0000
0000
0000
0000
3e97
0000
0000
0000
0000
0000
0000
0000
0000
0000
17c5
0000
0000
0000
0000
0000
0000
0000
0000
0000
0000
0000
0000
0000
0138
0000
0000
0091
0000
0000
0119
0140
004f
012a
00f2
1055
0bff
00cb
0000
0044
0113
0970
0516
0000
0000
4fd6
117d
0000
0000
0000
0000
adfc
0000
0000
0de4
0000
0000
0000
0000
0000
0b5f
0000
0000
0000
0000
0000
0000
0000
0148
0055
0000
0000
0000
0000
0000
0238
0206
0000
2019
0000
0000
0000
0000
001b
0000
0000
0000
000b
0000
0000
0000
0000
000e
0025
0018
0000
0003
0000
0000
0007
0006
0000
0000
0000
0d26
0000
020f
0000
0004
0000
26f4
0000
0000
0007
0000
0000
0000
0000
0000
0000
0000
0000
0000
0000
0000
000d
0000
0000
0000
0000
0040
0000
0000
003c
0000
0000
0000
0000
4009
0000
0000
0000
0000
0000
0000
0000
0015
0000
0000
0000
4363
0000
0000
0000
0000
0000
0000
0000
0000
0000
0000
5680
0000
0000
0000
0000
0000
0000
0000
0000
0000
0273
0000
0000
0000
0000
0000
0000
0000
0000
00c8
0000
0000
0000
0000
0000
0000
0000
0000
0000
0000
0000
0000
0000
0000
0000
0000
0000
0013
0000
0000
12a7
0000
0000
0000
0000
0000
0000
0000
0000
0000
0000
0000
0000
0000
0000
0000
0000
0000
0000
0000
0000
0000
0000
0000
17e2
1480
0000
0000
0000
0000
028a
0000
0000
0000
0d4d
0000
0000
0000
0000
0000
0000
0000
0000
0000
0ba0
0000
0000
0000
0000
0000
0000
0000
0000
0000
0000
0000
0000
1bb8
0000
0000
0000
0000
0000
0000
0000
0000
0000
0000
0000
0000
0000
0000
0000
0000
0000
0000
0000
0000
0000
0000
0000
0000
6103
0000
258e
5ac5
0000
0000
0000
0000
0000
0000
0000
0012
0000
001c
0000
0000
00c7
0000
0022
0000
0000
0000
0000
0000
0000
0000
0000
0000
0000
ffff
44d3
0000
0000
0000
0000
0000
0000
0000
0000
0000
0000
0000
0000
0000
0000
0000
0000
03c8
001d
0000
0000
0000
0000
0f96
0018
0000
0000
0000
0000
0000
0000
0000
0000
0000
0000
0000
0000
0000
0000
0000
0000
0000
0000
0000
0000
0000
0000
0000
0000
0000
0000
033b
0000
0000
0000
0000
0000
0000
0000
0000
0000
0000
0000
0000
0001
0000
0000
0000
0000
2896
406a
0000
0000
0000
0000
0000
0000
0000
0012
0000
47eb
0000
d971
0000
b1d0
0000
0008
0000
0000
0000
0000
0000
f6a9
0000
ffff
0000
2fb7
ffff
a7bc
fff4
8d01
ffff
b794
ffff
0000
0000
0000
ffff
0000
0000
0000
0000
0000
0000
0000
47e7
0d03
0000
1822
0000
0000
0000
0000
d3e6
ffff
4116
0b8b
0107
0000
53f6
0000
ffff
0000
24a4
0000
9dea
ffff
9c58
0000
2fb9
178a
0000
0000
6e4d
0000
5fd4
0000
0000
0000
93a9
0000
3466
ffff
08a0
ffff
0000
0259
00fb
0000
0e12
2ed4
2ae4
42d3
0738
0b12
ffff
0e81
0000
c1e2
0028
0953
0000
076c
04a0
03a7
01d2
0050
0083
0512
0020
028f
03f5
04f4
2e1d
0110
1401
723d
1570
0000
5d5a
0000
1979
ffff
ffff
ffff
ffff
ffff
0000
0000
ffff
ffff
0000
ffff
c8b5
0000
bed0
