0000
0000
0000
001c
0000
0000
0000
0000
0000
0000
0000
0000
0000
0000
0000
0000
0000
0000
0000
0000
0000
0000
0000
00d4
0000
0000
0000
0000
0000
0000
0000
0000
0000
0000
0000
0000
0000
0000
0000
0015
0000
0000
0000
0000
0000
0000
0000
0000
0000
0000
0000
0000
0000
0000
0000
0000
0000
0000
0006
0000
0000
0000
0000
0000
0000
0000
0000
0000
0000
001d
0000
0000
0000
0000
000a
0006
000f
0000
0009
0000
0021
0000
002e
0031
0000
0000
0000
005e
000b
0000
0019
0000
0016
0021
0015
0000
0000
df4c
0000
0000
0000
0000
000c
0000
0000
0000
0015
0000
000d
0000
0000
0000
0000
0000
0000
0000
0000
0000
0000
0000
0000
0000
0000
0000
0000
0000
0000
0000
0000
0000
0000
0008
0000
0008
0003
0000
0000
0000
0000
0000
000d
0000
000f
000f
0000
0000
0000
0000
0005
0000
001b
000d
0000
0012
001c
0046
000a
0000
0000
0000
0032
0000
0000
0000
0000
0002
0045
0041
0000
0000
003f
02ae
0000
0000
0000
0000
0000
0000
0000
0000
0000
0000
0000
0000
0000
0000
0000
0000
000f
000c
0000
0000
0000
0000
0000
0000
0000
0002
0000
0000
0000
0000
0006
0000
0000
002a
0000
0000
000b
0000
0000
0000
0000
0000
0000
0000
0000
0000
0000
0000
0000
0000
0000
000b
0000
0008
0000
0000
001c
0000
0000
000d
0000
0000
0000
0000
0000
0000
0002
000d
000f
0026
0000
0000
0000
0000
0000
000a
0007
0005
0000
0022
0008
0021
0000
0000
0000
0000
0000
0000
0007
0009
0000
0000
0000
0000
0000
0000
0000
0000
0047
0000
0000
0050
002c
0000
0000
0007
0004
2803
0000
0000
0000
0000
0000
0000
0027
0000
0000
0000
0000
0000
0000
0000
0000
0000
0000
0004
0000
0007
0000
0059
0000
0000
0000
0000
0000
0000
0000
0000
3460
0000
0000
0000
0000
0000
0041
0000
0032
0038
0005
0000
0001
004e
0000
0000
0026
33f6
0000
0000
0000
0000
0b95
04a4
0000
0000
1bb4
0000
3cd6
0010
0065
0036
0000
0000
e073
0007
0000
0003
0000
0000
0000
086a
1162
0002
000c
0000
0000
0004
0000
0000
0000
0000
0001
0000
0000
0000
0000
000a
0000
0000
0000
0000
0000
0000
0119
01f6
0000
0000
0000
0269
0002
0000
0000
0060
0010
0000
0000
0000
002a
0000
0014
0000
0000
001a
0000
0000
0000
0003
0000
0000
0000
0000
0000
0000
0000
0000
0000
0031
0000
0000
0000
0000
0000
0012
0000
0000
0000
0048
0000
0000
0000
0000
0038
0000
0000
02b6
0013
0000
0000
0028
0004
0004
0000
0000
0000
0000
0000
0000
0000
0000
0000
0000
0000
0000
0000
0000
0000
0000
0000
0000
0000
0000
0000
0019
0000
0000
0000
0000
0c60
0000
0000
0000
0000
0000
0009
0000
0368
0000
0000
0000
0000
0002
0000
0000
0008
0000
0000
0000
0000
0027
0004
0000
002d
0000
000f
0000
0000
0000
0000
0003
0000
0005
0000
0000
0000
0017
0000
0000
0000
0000
0000
0000
0000
0000
0000
0000
0000
315f
000a
0000
0017
0556
0000
0000
0000
0000
0000
0000
0000
0000
0000
0000
ff98
0000
0000
0000
0000
0000
0000
0000
0000
0000
0000
0001
0000
0000
3847
0000
0000
0000
0000
0000
0000
0000
0000
0000
0000
0000
0000
0000
0000
0000
0000
0000
0000
0000
a567
0000
ffff
0000
0000
0000
0000
0000
0000
0000
0000
0000
0000
0000
0000
0000
0000
0000
0000
0000
0000
0000
0000
0000
0000
0000
0000
0000
0000
0000
0000
0000
0000
0000
4283
0000
0000
0000
0000
0000
0000
0000
0000
0000
0000
0000
0000
0000
0000
0000
0000
0000
0000
0000
0000
0000
0000
0000
0000
0000
0000
0000
0000
0000
0000
0000
0000
0000
0000
0000
0000
0000
0000
0000
0000
0000
0000
0000
0000
0000
0000
0000
0000
0000
0000
0000
0000
0000
0000
0000
0000
0000
0000
0000
0000
0000
0000
0000
0000
0000
0000
0000
0000
0000
0000
0000
0000
0000
0000
0000
0000
0000
1a8c
0000
0000
0000
0000
0000
0000
0000
0000
0000
0000
0000
0000
0000
0000
0000
0000
0000
0000
0000
0000
0000
0000
0000
0000
0000
0000
0000
0552
0000
0000
0000
0000
0000
0000
0000
2a48
0000
0000
0000
0000
0000
0000
0000
0000
0000
0000
0000
0000
0000
0000
0000
0000
0000
0000
0000
0000
0000
0000
0000
0000
0000
0000
0000
0000
0000
0000
0000
0000
61da
0405
0000
0000
0000
0000
0000
0000
364b
ffff
0000
0000
0000
0000
0000
0000
0000
0000
0000
0000
0000
0000
0000
0000
0000
02dd
0000
0000
0000
0000
0000
0000
0000
0000
0000
0000
0000
0000
0000
0000
0000
0000
0000
0000
0000
0000
0000
0000
0000
ee58
0000
0000
0000
0000
0000
0000
0000
0000
0000
0000
0000
0000
0000
0000
0000
0000
0000
0000
0850
0000
0000
0000
0000
0000
0000
0000
0000
0000
0000
0000
0000
0000
0000
0000
0000
0000
0000
0000
0000
0000
0000
0000
0000
0000
0000
0000
0000
0000
0000
0000
0000
0000
0000
0000
0000
0000
0000
0000
0000
0000
0000
0000
0000
14df
0000
0503
0000
0000
0000
0000
0000
0000
0000
0000
0000
0000
0000
0000
0000
0000
0000
0000
0000
0000
0000
0000
