0000
0000
0000
0000
0000
0000
0000
0000
0000
0000
0000
0000
0000
0000
0000
0000
0000
0000
0000
0000
0000
0000
0000
0000
0000
0000
0000
0000
0000
0000
0000
0000
0000
0000
0000
0000
0000
0000
0000
0000
0000
0000
0000
0000
0000
0000
0000
0000
0000
0000
0000
0000
0000
0000
0000
0000
0000
0000
0000
0000
0000
0000
0000
0000
0000
0000
0000
0000
0000
0000
0000
0000
0000
0000
0000
0000
0000
0000
0000
0000
0000
0000
0000
0000
0000
0000
0000
0000
0000
0000
0000
0000
0000
0000
0000
0000
0000
0000
0000
0000
0000
0000
0000
0000
0000
0000
0000
0000
0000
0000
0000
0000
0000
0000
0000
0000
1129
0000
0000
0000
0000
0000
0000
0000
0000
0000
0000
0000
0000
0000
0000
0000
0000
0000
0000
0000
0000
0000
0049
0000
0000
0000
0000
0000
0000
0000
0000
0000
0000
0000
0000
0000
0000
0000
0000
0000
0000
0000
0000
0000
0000
0000
0000
0000
0000
0000
0000
0000
0000
0000
0000
0000
0000
0000
0000
0000
0000
0000
0000
031e
0000
0000
0000
0000
0000
0000
0000
0000
0000
0000
0000
0000
0000
0000
0000
0000
0000
0000
0000
0000
0000
0000
0000
0000
0000
0000
0000
0000
0000
0000
0000
0000
0000
0000
0000
0000
0000
0000
0000
0000
0000
0000
0000
0000
0000
0000
0000
0000
0000
0000
0000
0000
0000
0000
0000
0000
0000
0000
0000
0000
0000
0000
0000
0000
0000
01ca
0000
0000
0000
0000
0000
0000
0000
0000
0000
0000
0000
0000
0000
0000
0000
0000
0000
0000
0000
0000
0000
0000
0000
0000
0000
0000
0000
0000
0000
0000
0000
0000
0000
0000
0000
0000
0000
0000
0000
0000
0000
0000
0000
0000
0000
0000
0000
0000
0000
0000
0000
0000
0000
0000
0000
0000
0000
0000
0000
0000
0000
0000
0000
0000
0000
0000
0000
0000
0000
0000
0000
0000
0000
0000
0000
0000
0000
0000
0000
0000
0000
0000
0000
0000
0000
0000
0000
0000
0000
0000
0000
0000
0000
0000
0000
0000
0000
0000
0000
0000
0000
0000
0000
0000
0000
0000
0000
0000
0000
0000
0000
0000
0000
0000
0000
0071
0000
0000
0000
0000
0000
0000
0000
0000
0000
0000
0000
0000
0000
0000
0000
0066
000c
000d
0048
0000
0000
0060
006e
0019
0064
002b
0032
0044
0049
0000
0015
005b
0042
0003
0003
0000
0000
0013
0000
0000
0000
0000
0000
0000
0000
0000
0000
0000
0000
0000
0000
0333
0000
0000
0000
0000
0000
0000
0000
00b9
0047
0000
0000
0000
0000
0000
2a50
00ae
0000
0000
0000
0000
0000
0000
0053
0000
0000
0000
001e
0000
0000
0000
0001
002f
0071
0043
0000
0000
0000
0005
000d
000d
0000
0000
0003
0007
0000
0092
0000
0013
0000
0000
0000
0000
0014
0000
0000
0000
0000
0000
0000
0000
0000
0000
0000
0000
0029
0000
0000
0000
0000
0000
0000
0000
0005
0000
0000
0000
0000
0000
0000
0000
0000
0000
0000
0000
0000
003a
0000
0000
0000
0000
0012
0000
0000
0000
0009
0000
0000
0000
0025
0000
0000
0000
000b
0000
0000
0000
0000
0000
0000
008b
0000
0002
0002
0000
0000
0000
0000
0000
0000
0000
0000
0000
0000
0000
0000
0000
0000
0000
0000
0000
0000
0000
0000
0000
0000
0000
0000
0013
0000
0000
0000
0000
0000
0000
0000
0000
0000
0000
0000
0000
0031
0516
0020
0000
0000
0000
0000
0000
0000
0000
0000
0000
0000
0000
0000
0000
0000
0000
0000
0000
0000
0000
0000
0000
0000
0000
0000
0000
0000
0000
0000
0000
0000
0000
0003
0000
0000
0000
0000
0000
0000
0000
0000
0000
0000
0000
0000
0000
0000
0000
0000
0000
0000
000b
0000
0000
0000
0000
0000
0000
0000
0000
0001
0000
0000
0000
0000
0361
0000
0000
0000
0000
0000
0000
0000
0000
0000
0012
0016
0000
0000
0000
0000
0065
0000
005b
0000
0000
0000
0000
0000
0000
0000
003c
0000
0000
0000
0000
0000
0000
0000
0000
0000
0000
0000
0000
0000
06a6
0000
0000
0000
0000
0000
0000
0000
0000
0000
0000
0000
0000
0000
0000
0000
0000
0081
0000
002e
0000
0000
0000
0000
0000
0000
0000
0000
0000
0000
0000
0000
0000
0000
0000
0000
0000
0000
0000
0000
0000
0000
0000
0000
0000
0000
0000
0000
0000
0000
0006
0000
0000
0000
0000
0000
001b
0000
0000
0000
0000
0000
0000
0000
0000
0000
0000
0000
0000
0000
0000
0000
0000
003f
0000
0000
0000
0000
0000
0000
0000
0013
0000
0000
000c
0000
0000
0000
0000
00ce
0000
0297
030c
0000
0141
0299
00be
0000
011f
0000
0000
0000
0000
0000
0000
0000
0000
0000
0000
0000
0135
0084
0000
0061
0000
0000
0000
0000
0000
0000
0000
011a
0000
0000
0000
0000
0000
0000
0022
0000
0028
0000
0000
0000
0041
0000
0000
0000
0000
0000
0000
0000
0000
0000
0000
0000
0000
0000
00ae
0084
0000
003a
0024
0064
00ed
004c
0098
001b
000d
011a
0055
0000
0000
01f6
0009
0000
0000
00d5
0084
0068
0044
0000
000a
008f
0002
0045
0000
008d
0019
001c
0072
002f
0f74
105b
ee98
0000
0000
0000
0000
0000
0000
0000
0000
0000
0000
0000
0000
0b1a
0eee
0135
07e4
