028
028
028
19a
028
028
028
028
028
14e
028
1d6
028
028
028
028
028
028
028
028
175
028
17a
09f
028
028
028
028
034
028
028
028
028
028
028
028
14e
028
028
234
028
028
028
028
028
034
028
028
028
028
028
028
028
028
028
028
028
028
3a9
028
028
028
028
028
028
028
028
028
25d
2f7
028
028
210
028
1f9
21c
028
028
20f
028
213
210
028
3b5
028
028
028
369
2a1
163
182
1f9
1b8
028
1db
028
034
028
028
028
034
174
034
028
028
028
38a
028
034
028
034
028
028
028
028
028
034
034
028
028
028
028
028
028
028
034
028
028
028
028
034
028
028
028
273
028
034
028
028
028
028
028
028
028
028
028
034
028
034
034
02d
034
028
028
38f
0e6
05d
028
028
028
207
028
028
028
06b
028
028
028
034
034
028
028
028
028
028
028
028
034
174
182
028
028
028
028
2ba
028
028
028
2b8
034
034
2c4
034
028
028
028
028
2af
028
028
028
028
028
028
15b
168
172
028
173
17f
028
17b
034
028
028
028
028
028
028
028
028
034
028
034
034
2d9
028
028
2fc
028
028
279
028
028
028
028
028
028
281
28e
028
278
27a
028
028
1d3
028
292
028
26d
028
249
2a8
034
028
028
2ce
034
028
2d8
2c4
2c2
028
2c4
028
028
028
028
028
028
028
028
028
3d3
2e1
028
028
1f0
260
028
028
028
034
028
028
028
3c5
1af
028
296
2b5
2c1
028
028
028
028
028
2dd
028
1f9
028
498
028
034
028
034
028
028
028
028
028
1f9
028
034
028
028
028
028
5dc
028
028
1f4
1da
404
028
028
028
034
028
034
028
028
028
0f4
06b
034
06b
028
028
028
3c5
5dc
028
189
028
255
276
028
034
24e
028
028
02c
028
034
028
034
028
028
028
028
028
034
028
028
028
252
252
028
138
028
028
028
028
127
034
028
038
028
03c
028
028
028
038
21c
1df
126
028
074
034
2d4
028
028
1eb
028
028
1e4
028
028
028
028
028
028
034
028
028
14a
308
153
14b
028
028
028
028
028
028
028
44d
034
028
028
028
322
028
028
034
2ce
168
028
028
285
264
028
028
028
028
028
028
028
028
028
028
028
028
176
028
1bd
028
028
028
028
18a
028
35e
028
028
028
028
028
028
028
028
028
028
2b4
2bb
135
028
034
028
2ab
2bb
028
034
2a3
2ac
2a3
034
034
3c0
2a5
028
297
028
26e
028
028
028
2ca
034
028
028
028
028
028
18c
028
028
028
028
028
028
13c
028
028
028
028
028
028
034
028
028
034
028
028
028
028
028
028
1d4
028
034
028
14c
11f
028
028
028
028
028
028
028
028
028
028
028
028
028
02c
183
028
02c
028
0b7
166
0df
02c
02c
02c
02c
02c
054
0d3
05a
028
0b2
02c
033
028
02c
028
028
028
028
028
038
10d
02c
038
028
033
028
028
054
227
033
037
08e
037
091
08e
08e
08a
08e
059
08a
08a
037
037
08a
08a
08a
04e
033
08e
08e
08e
083
083
028
034
028
028
028
028
028
034
034
03f
028
028
2f3
028
028
2ec
028
028
028
028
028
028
028
047
028
028
2fc
2ff
028
034
028
034
034
028
028
028
028
028
034
034
028
028
028
100
09e
028
028
034
028
028
028
107
36a
034
36b
028
12e
028
36b
028
028
093
028
028
028
028
03f
028
034
028
028
0fd
12e
046
2b0
046
028
08d
07f
2bf
07e
080
35e
02c
087
028
388
042
094
076
0f2
07b
100
384
028
028
028
073
028
372
028
079
028
0aa
090
037
037
037
046
028
028
056
03a
05b
12e
04d
03f
034
0f0
09e
028
02c
028
06d
028
028
09a
0fd
028
028
034
037
093
388
2b0
02c
039
033
028
09a
042
020
046
032
03a
03a
03a
03a
07f
06b
02c
052
06b
03b
2bf
0f6
05b
02c
343
034
028
0ea
028
06a
037
028
028
028
2b0
364
384
090
028
046
02c
028
028
09a
0ae
06c
047
07f
034
041
203
2cd
1a0
098
0f0
103
043
09a
028
085
090
028
047
03d
303
090
10d
081
047
08c
1a9
09e
032
0d8
05d
0d8
119
379
03e
070
028
03f
020
1dc
090
07a
124
08d
184
07c
514
085
2bf
14d
086
032
028
02c
218
2b0
06d
2bf
047
05b
05b
056
085
028
02c
070
2f4
06c
028
09a
028
046
047
07a
028
077
028
09a
037
028
028
028
0fc
02c
09a
03f
028
028
145
0fc
040
2b0
041
03e
03f
03f
